schema_version: 1
benchmark:
  workload: 32 MiB random data
  algorithm: xz
  level: 1
  threads: 2
  units:
    mean_seconds: seconds
    throughput_mib_s: MiB/s
results:
  - timestamp_utc: 2026-07-20T10:53:45Z
    revision: 33cc535113ed
    dirty: false
    variant: pre-refactor-head
    runs: 3
    input_bytes: 33554432
    input_sha256: unavailable
    algorithm: xz
    level: 1
    threads: 2
    mean_seconds: 8.280557
    throughput_mib_s: 3.865
  - timestamp_utc: 2026-07-20T10:53:45Z
    revision: 33cc535113ed
    dirty: true
    variant: refactored-working-tree
    runs: 3
    input_bytes: 33554432
    input_sha256: unavailable
    algorithm: xz
    level: 1
    threads: 2
    mean_seconds: 8.185053
    throughput_mib_s: 3.910
    delta_from_previous_percent: -1.15
  - timestamp_utc: 2026-07-20T15:01:35Z
    revision: 33cc535113ed
    dirty: true
    runs: 3
    input_bytes: 33554432
    input_sha256: 5efd35177b90b73c3d4f4d89f0d9e207805118f765ee2b1fdf7bfb8fa5eedb27
    algorithm: xz
    level: 1
    threads: 2
    mean_seconds: 8.264363
    throughput_mib_s: 3.872
  - timestamp_utc: 2026-07-20T15:15:35Z
    revision: 93a62834c199
    dirty: true
    runs: 3
    input_bytes: 33554432
    input_sha256: 5efd35177b90b73c3d4f4d89f0d9e207805118f765ee2b1fdf7bfb8fa5eedb27
    algorithm: xz
    level: 1
    threads: 2
    mean_seconds: 7.939623
    throughput_mib_s: 4.030
